100.3
96.4
95.2
108.9
173.2
134
124.4
124.4
132
121.8
99.8
96.9
92.4
88.4
86.7
85.7
82.6
82.6
82.6
82.6
83.1
83.1
78.4
73.8
96.4
91.5
138.9
115.4
93.5
86.7
86.7
103.7
113.4
95.8
86.7
128.2
140
100.3
91.3
86.7
84.6
83.6
83.1
82.6
84.6
80.5
76.4
78.9
84.6
82.6
82.6
85.3
94.7
103.8
248
340.8
189.3
224.4
170.9
144.1
114.4
138.1
124.3
104.9
121.2
135.5
97.5
92.4
87.8
85.7
83.1
81
91.3
91.3
86.2
78.4
76.4
84.6
83.6
115.4
92.4
85.1
78.4
186.8
148.9
116.9
119.4
119.3
96.9
94.7
106.6
75.8
77.4
84.7
101.8
107.1
97.2
257.5
257.5
205.2
216.5
136.3
124.3
99.8
90.1
99.2
96.9
78.4
73.8
69.6
66
128

195.5
128
121.8
108.3
89
83.6
75.3
91.4
96.9
94.1
94.1
96.9
95.2
151.7
114.5
184.1
112.4
90.1
106
92.4
96.9
103.8
98.1
94.7
85.7
80.5
83.6
99.3
136.5
99.2
162.5
112.2
100.9
103.8
86.7
85.8
102.6
229.8
246.1
161.2
194.7

121.8
154.8
85.7
89.1
127.9
98.6
98.1
127.4
110.7
90.1
84.6
86.8
117.7
89
134
96.4
98.1
86.7
91.4
87.8
95.8
198.1
132
103.8
86.7
84.6
83.6
75.3
83.6
75.3
74.3
73.3
72.2
90.1
90.1
74.3
68.1
68.1
71.2
68.1
81.5
86.7
90.2
85.8
91.4
93.5
91.4
93.5
187.4
114
86.8
84.6
78.4
83.8
84.6
84.6
90.1
93.5
85.1
79.5
79.5
163.8
142.2
121.8
96.9
87.8
84.6
76.4
73.3
71.2
75.3
84.6
78.4
72.2
70.1
66
75.3
66
66
64.4
78.5
80
68.1
80.5
69.1
68.1
66
69.6
69.1
65.2
82.3
92.4
94.1
128
116.9
102.6
98.1
94.7
97.5
96.9
95.8
98.1
86.7
86.7
86.2
84.6
83.6
83.6
98.1
92.4
99.8
153.1
225.4
176.4
145
131.1
120.6
138.8
115.6
148
119.3

106.6
102.6
98.1
97.5
94.1
119.9
129.8
110.2
102.1
94.7
89
112.1
100.3
96.9
95.8
95.8
94.7
98.1
117.5
103.8
99.8
94.7
106
198.1
129.4
112.6
220.8
198.1
144.1
125.5
272.5
197.3
209.2
167.8
147.4
210.8
180.7
152.7
199.8
217.4
211.6
180
144.1
164.5
121.2
115.6
111.9
109.4
107.2
106
110.8
89
86.7
87.5
78.9
89.8
92.4
87
84.1
108.7
132.9
123.7
103.2
93
85.7
78.9
81.5
77.4
76.4
76.4
76.4
71.2
70.1
68.6
66
66
66
63.1
140.3
68.1
66
59
57.8
69.1
65.6
68.6
77.4
77.4
78.9
75.8
73.3
67.6
65.2
66
66
103.8
92.4
73.8
70.7
84.1
73.8
68.6
65.6
64.4
62.3
66
78.9
98.1
73.8
66
100.9
86.7
149.9
92.4
140.8
92.4
78.9
68.6
66
66
64.4
64.4
63.5
61.5
59.4
57.8
57.8
65.2
61.9
60.6
60.2
60.2
60.2
57.8
57.8
57.8
57.8
57.8
57.8
59.8
71.2
68.6
63.1
57.8
57.8
66
66
63.9
61.9
61.9
61.9
61.9
61.9
68.2
78.9
71.2
68.6
66
66
72.2
76.4
81.5
85.1
86.7
84.1
86.7
86.7
87.3
91.3
107.1
144.1
144.1
115.6
86.7
86.7
78.9
72.7
71.2
71.2
71.2
68.6
68.6
68.6
68.6
73.8
66
66
71.2
78.9
71.2
86.7
78.9
78.9
84.1
86.7
81.5
76.4
84.1
89.5
81.5
77.9
75.3
73.3
71.7
71.2
75.3
73.8
71.2
81.5
83.1
89.5
86.7
78.9
73.8
73.8
101.7
377.9
276.7
250.1
264.4
231.9
176.3
182.2
147.4
182.2
167.8
117.1
84.6
89.5
89.5
100.9
96.9
89.5
81.5
81.5
171.4
229.8
213.2
189.3
213.2
146.5
108.3
140.8
128
98.1
106.6
112.8
125.1
92.4
81.5
76.4
86.7
86.7
86.7
86.7
86.7
95.2
80.5
61.9
55.7
48.3
44.5
72.2
77.9
77.4
63.9
49.5
49.5
50.3
51.6
47
44
42.8
40.8
39.5
38.2
39.5
40.8
49.1
57.8
99.1
86.7
168.4
237.7
290
334.5
190.9
68.6
61.9
92.4
66
81.5
71.2
86.7
95.2
61.9
59.8
57.8
57.8
53.6
54.9
53.6
56.9
59.8
54.9
68.2
67
66
64.4
61.9
61.9
61.1
57.8
58.6
64.4
73.8
103.8
146.2
171.4
178.6
173.6
165.7
171.4
185.7
237.7
163.5
82
63.5
60.6
58.2
60.2
58.6
57.8
64.5
64.4
64.4
61.1
61.1
63.1
64.4
61.9
59.4
62.3
63.9
70.3
98.6
115.6
134.6
112.8
91.3
71.2
80.5
76.4
81.5
136.5
128
146.1
137.5
133
141.5
144.1
86.7
76.4
75.3
72.2
69.6
68.6
80.5
78.9
86.7
84.1
111.9
104.3
78.9
86.7
84.4
103.8
100.9
105.5
112.5
118.1
98.1
104.3
134.6
109.9
100.9
81.5
98.1
272.6
281.5
246.8
259.3
317.7
455.7
518.6
358.3
183
131.3
120.6
115.6
112.5
81.5
61.9
61.9
89.5
98.1
230.9
96.9
73.8
66
186.8
358.3
131.5
76.4
120.5
86.7
89.5
95.2
264.3
221.1
213.2
221.5
140.8
115.6
114
134.4
128
103.8
103.8
95.2
99.8
233.6
133.3
95.2
86.7
83.1
109.9
103.8
128
121.8
138.1
232.4
206.6
109.7
146.5
124.9
106.6
128.4
182.6
144.1
112.5
100.9
92.4
86.7
44.7
38.9
34.7
32.2
32.2
32.2
32.2
32.2
32.2
53.8
38.4
32.2
36.4
40.5
38.4
32.2
31.2
28.9
27.3
25.6
25.6
25.6
25.6
28.9
23.9
22.3
22.3
22.3
23.9
25.6
25.6
25.6
25.6
25.6
32.6
51.3
36.4
28.9
25.6
59.2
40.5
30.6
28.9
27.3
25.3
24.9
22.3
22.3
22.3
22.3
19
22.3
20
19
19
22.3
22.3
22.3
21
22.3
22.3
22.3
21.6
20.6
19
19
18.5
19
19
25.6
23.9
31.6
30.6
34.3
40.9
39.7
43.8
40.5
36.4
27.3
36.4
40.5
51.8
34.3
32.2
34.3
41.3
56.4
63.9
44.7
36.4
40.5
51.3
38.4
34.3
73.5
83.8
106.6
77.9
99.6
75.8
77.9
71.9
83.8
87.8
68.9
68.9
80.8
120.4
132.2
191.5
154
99.6
193.3
103.1
87.7
147.1
160.9
120.4
144.1
69.5
83.8
80.8
87.4
71.9
56.4
53.8
53.8
60.4
63.9
58.4
55.9
48.8
44.7
45.5
52.8
52.8
71.9
63.9
67.9
70.9
74.9
93.7
77.9
147.1


246.8
246.8
160.9
153
99.6
72.4
75.8
93.7
276.4
151.9
136.2
128.3
120.4
105.2
99.6
103.1
86.8
80.8
74.9
125.3
83.8
89.8
77.9
73.7
68.9
65.4
79.7
71.3
63.9
64.4
53.8
53.8
58.9
56.4
53.8
53.8
52.3
51.8
52.8
306.3
100.1
74.9
61.4
48.8
40.5
56.4
50.3
48.8
89.2
71.4
59.9
70.6
65.9
61.4
48.8
48.8
48.8
48
44.7
45.1
44.7
43.4
47.2
43
40.5
46.3
44.7
46.7
59.4
55.4
46.7
41.8
45.1
48
47.2
39.7
41.3
38
36.4
36.4
36.4
36.4
36.4
36.4
38.9
36.4
36.4
36.4
36.4
36.4
77.7
249.3
93.7
65.9
56.4
48.8
48.8
48.8
44.7
44.7
53.8
42.6
36.4
36.4
38.4
46.7
80.8
48.8
48.8
45.5
43.8
53
182.6
166.8
68.9
76.9
66.9
61.4
60.9
55.9
61.4
80.8
112.4
113.5
92.7
83.8
71.9
61.4
51.3
40.5
34.3
27.3
25.6
152.6
239.1
66.4
57.9
58.9
51.3
48.8
77.7
48.8
70.8
58.9
49.8
44.7
63.9
66.4
232.7
121.4
246.3
146.1
159
151.2
181.8

232.7
121.8
140.6
90.4
67.6
124.3
136.2
86.8
261.5
167.9
96.1
56.4
42.6
40.5
48.8
60.7
44.7
48.8
94.7
48.8
44.7
36.4
38.4
36.4
32.2
30.9
28.9
26.3
27.3
27.3
25.6
27.3
25.6
25.6
25.6
25.6
25.6
25.6
25.6
40.5
53.8
38.4
30.2
28.9
25.6
100.4
61.9
40.5
64.4
69.4
51.3
74.9
53.8
38.4
30.6
26.3
33.1
33.5
32.2
32.2
32.2
32.2
31.6
30.2
27.3
28.9
30.6
25.6
25.6
26.3
28.9
26.6
25.6
24.3
23.6
20.6
19
21.9
31
19
19
34.7
25.6
21.9
19
19
22.3
22.3
21.6
20
19
19
19
19
34
22.3
19
19
19
19
25.6
31
55.8
40.5
52.8
56.9
44.2
42.6
30.2
25.6
45.6
47.2
34.7
27.3
22.3
25.3
42.2
57.6
42.6
25.6
25.6
25.6
24.3
22.3
22.3
23.3
22.3
20.6
16.4
15.1
19
19
19
42.6
61.4
68.7
54.3
81.4
82.7
59.8
82.7
44.7
54.3
51.3
36.4
46.7
80.8
87.3
83.8
88.6
99.6
288.7
90.7
58.9
46.7
43.8
45.5
44.3
49.5
36.4
34.3
38.4
69.4
57.4
101.8
102.6
86.8
117.9
99.6
120.9
96.7
107.9
191.2
196.6
222.4
116
148.5
124.8
98.3
99.6
83.8
71.9
63.9
63.9
63.9
66.4
83.8
99.2
129.2
109.9
86.8
94.9
69.4
58.4
58.9
55.4
53.3
51.8
63.9
125.8
110.4
74.9
74.3
67.6
54.9
51.8
153.5
67.5
52.8
53.8
89.6
147.1
92.7
69.4
68.9
332.2
222.5
78.3
77.9
68.9
64.4
48.8
48.8
63.9
63.9
78.3
129.3
71.9
66.4
58.9
66.9
69.4
83.8
68.9
66.4
62.4
62.9
56.4
51.3
48.8
48.8
48.8
50.3
74.2
69.4
71.8
81.4
63.4
81.2
64.4
56.4
83.8
61.4
53.8
77.9
63.9
58.9
51.3
48.8
69.9
62.9
50.3
48.8
48.8
48.8
48.8
48.8
48.8
50.8
48.8
48.8
53.8
48.8
50.3
54.3
56.4
74.8
74.3
66.4
53.3
48.8
36.4
50.8
49.3
56.4
51.8
50.8
48.8
51.3
48.8
48.8
48.8
56.4
51.3
48
58.9
58.9
53.8
48.8
48.8
48.8
48.8
61.4
65.4
65.9
58.9
51.3
48.8
48.8
48.8
53.8
51.3
64.9
48.8
53.8
110
114
93.2
77.9
67
55.4
48.8
61.4
71.9
96.7
96.2
110
188.7
99.6
118.4
84.3
99.6
86.8
86.8
91.1
84.3
74.9
83.8
76.7
137.5
106.6
96.2
207.6
120.4
251.6
145.6
128.3
120.4
136.2
270.7
315.6
202.6
140.1
128.3
165.4
242.2
171.6
148
136.2
128.3
120.9
392.5
291.4
217.6
293.9
266.5
197.2
206.5
271.6
227.3
192.7
105.2
282.2
344.7
153
231
356.6
339.8
371.2
298.1
190.7
140.1
120.4
165
174.3
205.6
227.4
271.9
174.3
189.2
156.4
132.2
107.2
98.3
149.6
183.8
161.9
354.8
376.9
267.3
249.8
232.3
252.3
269.4
199
77.7
81.1
150.6
174.3
96.2
92.7
89.8
80.8
74.9
77.9
83.8
83.8
71.9
66.4
63.9
61.4
58.9
58.9
63.9
71.9
80.8
68.9
58.9
58.9
58.9
58.9
56.4
53.8
112.4
74.9
92.1
99.6
80.8
168.9
106.6
83.8
129.3
68.9
63.9
44.7
46.7
77.9
74.9
86.8
156.9
80.8
70.1
61.4
58.9
66.9
58.9
58.9
58.9
58.9
55.4
52.8
48.8
44.7
48.8
51.3
40.5
49.7
114.4
51.3
46.7
51.3
48
51.3
46.3
44.7
44.7
44.7
44.7
44.7
63.9
72.4
99.6
83.8
69.4
86.8
80.8
66.4
63.9
58.9
58.9
58.9
48.8
40.5
69.9
63.9
63.9
58.9
55.4
48.8
45.9
40.5
40.5
38
58.9
48.8
42.6
44.7
74.9
100.6
80.8
63.9
61.4
92.7
106.6
92.7
85.6
63.9
48.8
48.8
77.9
66.4
61.4
58.9
53.8
56.4
48.8
48.8
51.3
68.9
48.8
56.4
100.5
192.4
217.3
116.7
60.4
59.4
68.2
74
47.8
116.4
113.8
65.6
60.4
63
84.7
60.4
60.4
236.9
103.3
126.4
92.2
156.3
109.7
65.1
60.4
60.4
60.4
57.8
47.8
39.9
36.8
36.8
36.8
209.5
115.5
89.3
148.4
119
282
119
108.5
102.7
103.3
75
70.3
76
73.9
67.2
144.7
113.2
76.6
56.2
65.1
209.7
83.1
73.4
63
55.2
47.8
45.6
45.6
41.2
36.8
51.2
47.8
39
36.8
151.1
76
76.6
63
45.6
45.6
43.4
34.6
28
24.8
33.3
38.1
36.8
36.8
36.8
36.8
36.8
50.4
36.8
43.8
42.5
30.2
56.8
43.4
47.2
57.8
57.8
41.2
50
60.4
41.2
68.2
57.8
41.2
32.4
28
36.8
30.2
52.1
64.6
42.5
41.2
41.2
39




55.4
29.3
26.8

30.2
33.3
29.8
29.8
32.4
96.7
56
43
34.6
30.6
29.8
31.1
28
52.1
53.6
34.6
28
27.4
28
49.1
52.1
50
44
30.8
46.5
54.2
48.2
129.5
76.6
149.8
80.1
196.3
179
98.4
105
103.3
69.8
68.7
79.2
133.5
81.8
92.2
65.6
57.8
41.2
41.2
41.2
36.8
63
48.2
47.8
90.6
65.6
43.4
133.2
73.4
219
126
76
76
76
81.8
106.8
87.6
64.6
49.4
45.6
47.8
77.6
89.9
84.1
107.7
90.5
69.2
72.4
84.1
102.8
98.2
81.8
198.2
114.3
102.4
157.8
148
337.6
153.4
103.8
279.1
257
309.8
302.2
232
136.5
181
123.9
116.2
175.3
272
170
271
260
173.7
95.1
105
78.9
76
80.6
182.3
95.2
62.5
50.4
58.8
57.8
53.1
90.2
72.9
56.8
51.1
50
51.6
45.2
40.3
40.3
68.6
200.5
104.1
97.7
117.6
69.2
181.7
75
58.8
68.7
47.4
41.6
38.1
35.9
43
35.9
31.5
31.5
36.8
34.2
34.2
29.8
28
28
24.2
26.1
26.1
26.1
27.4
27.4
31.2
33.3
33.3
30.2
35.9
48.7
103.6
205.4
72.4
67.7
40.3
48
39
35
40.8
34.6
32
28
28
28
28
26.4
25.4
23.8
24.8
22.9
23.2
26.4
26.4
108
277
108
109.2
342.3
315.1
227.4
121.7
86.2
84.2
56.9
53.8
51.8
46.7
44.7
44.7
41.3
39.3
36.8
166.3
76.1
180.5
307.3
99
63.9
57.4
52.3
44.7
38.4
48.8
48.8
41.8
38
36.4
36.4
34.7
33.1
33.9
32.2
32.2
31.6
30.9
30.9
39.7
28.9
32.2
32.2
72.8
70.9
52.8

98.3
47.2
286.1
102.6
59.4
49.8
59.9
51.3
74.3
134.9
77.9
60.9
90.7
63.9
241
72.5
72.5
74.2
49.8
242.9
86.2
278.1
147.7
117.6
119
100.3
68
77.3
215.3
145.3
143.6
92.2
139.6
256.9
161.4
333.8
280.5
144.3
152.6
148.5
102.4
109.9
137.1
115.5
124.7
196.6
193.1
268.8

269.7
178.8
136.2
308.1
153.7
145.2
102.4
87.4
83.2
94.7
68.4
66.9
66.4
65.9
61.9
60.9
82.3
151.7
134.6
110.7
100.3
115.5
114.2
114.2
106.6
102.4
101.7
99
104.5
99.6
89.9
89.5
76.7
102.4
128.7
100.3
108.6
83.2
73.7
73.1
64.9
140.5
91.5
71
58.9
61.4
83
68.9
70.1
83.2
69.5
76.1
73.1
77.3
97.9
227.4
131.7
145.1
96.7
77.9
70.1
76.1
62.4
59.9
60.9
59.9
53.8
56.4
55.9
53.3
53.8
53.8
52.8
52.8
57.4
60.9
62.9
62.9
66.4
53.3
55.4
57.9
59.4
57.4
58.9
59.9
62.9
110
264.6
95.7
76.1
47.8
39.9
35.5
153.3
80
64.6
46.5
38.6
47.4
40.3
39.4
36.4
37.7
32.8
29.3
28
28
28
28.9
31.1
48.2
44.3
32
49.5
77.2
36.8
30.6
90
49.5
29.8
31.1
32.4
83.9
64.6
58.3
63.5
55.2
67.2
56.2
153.9
113.5
106.9
68.7
58.3
60.4
60.4
78.2
66.6
56.8
54.2
49.1
155.5
127.5
101.5
76.6
56.2
81.7
189.9
170.8
152.6
237
197.3
113.2
79.5
289.6
182
318.1
170.9
199.1
124.6
132
178.6
302.3
222.6
111.4
96.3
84.7
154.6
76.9
65.6
63
61.4
69.8
67.2
164.5
178.8
140
186.5
88
201
146.7
186.8
213.5
179.6
191.9
216.2
454
307
225.3
155.6
124.6
106.3
94.6
84.1
80.6
76
73.9
69.8
89.8
250.6
226.1
106.4
85.9
69.2
64
61.4
58.8
55.7
53.6
52.6
49.6
47.8
42.1
94
71.3
47.8
69.8
102.1
81.9
93
53
42.1
37.7
35.5
34.6
32.84
31.08
29.32
36.36
66.12
179
307
166.4
69.94
52.16
45.16
39.88
35.48
35.04
40.32
37.24
34.16
30.64
27.68
26.72
26.4
26.08
25.76
25.12
24.8
24.8
24.8
30.2
28.88
28
26.08
28
38.12
31.08
29.32
53
28
28.44
27.36
39
37.24
36.8
26.4
24.8
25.44
24.8
23.2
21.28
20.32
19.68
18.4
18.08
17.12
17.76
16.8
16.16
15.52
18.72
38.12
23.2
18.72
18.4
36.8
65.74
36.8
38.56
74.96
70.8
60.92
39.88
31.08
93.92
48.44
39.44
47.16
45.6
43.4
42.08
32.4
32.4
32.84
108.7
70.8
87.6
196.4
68.2
50.84
45.6
32.4
37.68
59.48
66.12
53.72
42.08
224.4
156
87.6
76
55.72
75.56
60.4
122.5
238.4
316
254
133.8
76.58
66.64
180.2
94.56
69.76
52.76
43.84
42.52
61.6
75.56
70.8
59.88

102.8
70.8
210.2
129.5
152.9
103.3
163.1
191.8
174.7
118.5
223.4
160.2
277
186.8
138.2
163
97.46
121.1
126.3
96.3
85.28
76.64
73.92
66.64
61.44
86.7
58.84
69.76
58.32
99.82
83.54
65.08
87.8
100.3
81.22
96.32
293.8
280
207.2
188.4
130.3
322.9
250
117.6
76.24
83.44
85.86
59.88
52.32
82.58
63.52
50.68
79.32
71.62
46.92
44.72
42.96
37.68
48.2
45.6
39
35.92
31.96
30.2
31.52
31.96
33.28
35.04
31.96
30.64
31.08
29.76
30.2
28.88
36.8
31.96
44.72
136.6
113.8
60.4
60.4
45.6
57.8
73.7
52.6
45.6
65.6
209
81.8
60.4
50.4
41.2
36.8
50.4
52.6
64.56
47.8
57.8
48.84
39
37.68
80.8
93.4
43.4
37.68
33.72
28
28
39
68.2
52.6
57.8
70.8
43.4
37.68
33.72
33.28
56.76
155
180.1
102.7
71.68
46.48
48.24
63
58.32
67.16
63
68.2
181.5
187.3
82.4
70.8
60.4
57.8
45.6
55.6
50.4
43.84
45.6
57.16
113.2
78.9
87.6
60.4
47.8
43.4
41.2
40.32
40.32
39.44
34.6
31.52
28
28
28
32.4
122.5
64.56
40.32
30.2
28
28
56.4
50
46.48
192.5
116.9
226.1
228
200.3
148.4
151.5
257
224
267
126
80.64
67.16
57.8
37.24
38.4
99.8
80.18
148.4
114.3
80.36
64.56
47.36
44.72
70.06
96.3
174.5
102.7
118.4
87.6
76
82.4
76.6
169.7
133
90.5
94
87.6
84.7
76
72.36
65.6
87.6
87.6
84.7
96.3
90.5
68.2
63.52
58.32
49.36
46.92
67.16
81.22
63.52
56.24
57.8
70.8
50.68
44.72
81.8
87.6
145.6
73.4
60.4
60.8
56.76
52.6
54.16
49.12
42.96
36.8
36.8
36.8
39
40.32
63
43.84
40.76
41.2
38.56
37.24
36.8
36.8
36.8
36.8
36.8
37.68
35.92
35.92
35.92
37.68
36.8
39.88
37.24
36.8
36.8
55.6
36.8
33.72
28
28
41.2
28
28
32.4
46.8
28
24.8
24.8
28
39
31.08
28.88
28
28
28
28
28
28
28
41.2
28
28
27.36
84
68.2
57.8
45.6
52.6
41.2
33.28
28
28
28
28
26.4
24.8
24.8
24.8
24.8
28
28
28
46
28
46.64
48.56
40.32
28
28
28
28
28
34.6
43.4
55.2
54.16
46.48
28
34.6
41.2
68.8
70.8
79.2
119.6
101.2
113.8
126
75.44
55.2
55.2
44.72
161
227
210.3
109.7
68.72
56.76
52.6
32.4
34.6
32.4
43.8
39
55.2
42.52
36.8
183.5
90.5
46
65.6
332.6
79.5
50.92
33.28
41.6
67.16
130.6
96.9
72.36
70.8
114.3
77.16
138
155.1
119
122.5
81.8
198.5
90.5
83.54
65.6
87.6
65.6
55.2
63
65.6
65.6
65.6
70.8
251.2
114.4
70.28
81.8
209
111.4
78.9
93.4
69.76
211.9
155.1
119
146.3
140
78.9
73.4
65.6
60.4
70.8
113.8
59.36
47.8
45.6
45.6
45.6
45.6
45.6
45.6
45.16
41.64
38.56
37.68
32.4
33.72
73.4
64.04
50.4
45.6
44.72
44.72
45.6
45.6
36.8
45.6
45.6
45.6
45.6
45.6
42.52
40.32
36.8
35.04
32.4
39.44
28
35.04
48.2
35.92
32.4
41.2
63
60.8
52.6
38.12
34.6
32.4
32.4
32.4
32.4
28
101
60.4
57.8
55.2
55.2
55.2
57.8
59.36
56.76
70.8
55.2
56.76
68.8
65.6
78.9
68.72
73.4
60.4
103.3
121.3
84.12
67.68
68.5
70.8
85.86
81.28
75.26
85.86
114.8
123.2
94.56
76
250.3
116
75.48
78.38
87.6
70.8
59.36
55.2
67.16
59.88
55.2
57.8
67.68
60.4
71.32
247
209
177.9
145.6
93.3
63.52
60.4
63
61.96
60.4
61.44
63
61.96
60.4
59.88
71.32
57.8
76.12
209
152.6
109.7
78.9
94
209
119
102.1
163
267
291.3
115.5
126.7
134.7
196.7
146.3
218.9
189.5
133
107.3
80.06
81.28
69.76
60.92
96.3
174.5
148.4
177.8
259.8
195.5
129.5
251.7
191
213
158.5
130.2
174.5
145.6
211.9
185
130.9
113.2
76
76
68.2
63
55.2
55.2
64.04
57.8
55.2
122.5
84.7
78.9
69.24
57.8
52.6
45.6
76
76
56.76
53
55.2
45.6
63
55.2
41.2
39
45.6
57.8
76
95.8
87.6
112
139.3
206.5
105.6
112.6
65.6
47.8
44.72
42.52
43.4
45.6
89.3
65.6
45.6
41.2
41.2
45.6
43.4
39
36.8
36.8
36.8
39
41.2
45.6
87.6
50.4
41.2
24.8
87.6
112.6
68.2
47.8
45.6
45.6
45.6
43.84
60.4
52.6
45.6
45.6
82.3
48.68
45.6
43.84
39
32.84
30.64
30.64
30.64
29.76
28.88
28.88
28.88
28.44
28
50.24
82.4
57.8
48.68
45.6
40.32
36.8
39
67.16
148.7
60.4
65.6
63.52
60.4
82.96
61.96
40.32
47.32
144.2
142.8
47.8
47.76
48.6
55.2
60.8
45.6
70.8
55.2
57.8
40.32
39
38.56
38.56
63
53.4
50.4
45.6
41.2
39.88
36.8
51.2
67.16
60.4
65.6
73.4
50.4
39.88
36.8
36.8
94
237.5
266.2
158.8
90.5
78.32
70.8
57.8
50
50
50
50
50
50
50
76
76
57.8
50
50
47.8
45.6
41.2
41.2
41.2
68.8
151
94
247
196.1
68.2
78.9
243.5
317.6
218.1
188
161
84.7
72.36
57.8
45.6
47.8
55.2
55.2
55.2
55.2
55.2
55.2
50
50
63
151.5
149.1
214.5
317.3
304.8
153.3
159.3
344
287
178.1
152.6
124.6
99.2
89.34
71.32
41.2
50.4
72.36
55.2
57.8
50
74
57.8
55.2
50.16
45.6
55.2
63
52.6
45.6
41.2
41.2
48.2
45.6
68.2
60.4
94
112.6
68.2
87.1
153.3
69.76
75.26
56.24
55.2
122.5
87.6
65.6
70.8
57.8
55.2
55.2
69.76
55.2
124.8
65.6
68.2
76.6
70.8
60.4
76
68.2
55.2
65.6
60.4
54.16
68.2
39
41.2
41.2
47.8
70.2
60.8
78.9
71.4
51.72
45.6
45.6
61.96
57.8
45.6
56.76
45.6
47.8
45.6
65.6
45.6
45.6
47.8
81.8
50.4
45.6
50
63
119.6
234.5
207.2
133
215.3
141.8
104.9
152.6
302
180
162.7
128.1
112.6
244
200.3
90.5
76
65.6
81.8
112.6
62.48
60.4
63

60.4
56.76
82.4
81.8
157.3
112
122.5
102.1
115.5
99.2
109.9
102.1
90.5
110.8
119
112.6
97.46
121.1
112
100.9
87.6
60.4
86.44
107.3
112
257.2
214
306.8
307
231.9
161
316.1
292
216.2
156.8
133
120.4
99.2
95.14
93.4
92.24
87.6
99.2
90.5
80.64
76
85.86
223.5
173.9
149.8
303.5
249
144.9
84.7
119
108.5
112.6
98.04
106.8
133.7
91.66
87.6
288
272
231.1
191.3
168.6
211.7
362.6
292
272
297
317
292
287
297
412.6
332.3
337.6
322.3
209
154.3
140.7
107.7
87.6
80.06
74.96
67.16
55.2
92.8
83.6
65.6
73.5
115.5
108.5
99.2
99.2
119.6
102.7
81.8
67.16
57.8
45.6
45.6
41.2
41.2
36.8
35.04
60.56
60.56
61.55
59.71
58.85
57.99
57.57
61.42
58.85
59.28
59.28
58.85
58.85
62.27
82.73
71.08
80.26
62.27
74.62
125.8
169.9
278.8
130.7
104.6
98.94
87.67
67.21
74.62
62.27
77.79
77.09
72.15
72.15
72.15
85.2
72.15
72.15
67.21
62.27
62.27
60.13









53.72
55.86
60.13
82.73
140.9
68.2
131.4
147.7
77.09
53.72
93.31
140.6
243.7
108.5
67.21
55.86
47.3
49.44
72.05
57.99
41.37
32.38
29.09
37.58
49.44
49.93
77.09
85.2
125.2
130.7
265.5
229.7
155.1
126.8
216.7
166.1
142.2
279.5
190.3
160.2
273.7
382.7
310.4
216.7
198.4
181.9
130.7
241.8
120.1
79.56
87.67
111.3
84.85
72.15
108.5
77.09
93.31
93.31
82.38
72.15
87.67
77.09
62.27
62.27
62.27
57.99
55.86
53.72
98.94
247
127.7
130.7
144.1
247.3
207.1
207
144.1
140.6
124.9
107.1
97.93
85.58
98.18
120.4
124
105.6
105.3
99.58
70.01
82.73
117.5
114.1
84.85
175.6
93.31
90.49
84.85
93.31
82.03
82.03
82.03
78.08
64.74
62.27
64.74
98.66
179.5
104.9
82.73
53.72
323.9
120.4
96.12
84.85
105.3
93.31
93.31
93.31
88.8
78.57
79.56
77.09
78.57
93.31
98.94
87.67
79.56
72.15
72.15
93.31
90.49
130.7
98.94
90.49
79.56
101.1
85.2
72.15
77.09
98.94
79.56
72.15
82.73
79.56
74.62
68.69
60.13
53.72
53.72
55.86
92.24
82.73
125.1
99.3
72.15
50.72
34.12
31
57.99
65.4
60.13
57.99
60.13
57.14
55.43
53.72
55.86
53.72
69.68
82.03
70.18
53.72
41.37
45.65
45.16
55.86
64.74
72.15
82.03
82.73
72.15
253.2
184.3
88.37
82.38
77.09
77.09
79.56
82.03
82.03
84.85
87.67
82.03
82.03
53.72
53.72
53.72
53.72
52.01
54.57
53.72
57.99
77.09
57.99
55.86
53.72
57.99
115.2
82.03
79.91
67.21
64.74
72.15
67.21
57.99
57.99
57.57
53.72
45.16
49.44
47.3
49.44
51.58
49.44
55.86
170.9
108.1
72.15
56.71
65.4
63.26
57.14
54.14
55.86
62.6
51.58
60.46
193.9
105.3
77.09
120.1
210.5
191.4
137.8
137.4
87.67
215.7
223.1
217.3
95.56
96.12
79.07
294.3
165.4
114.1
189.1
292.9
186.8
262.2
448.3
263.7
238.9
292.4
154.7
140.6
294.2
216.7
144.1
133.9
125.6
162.8
159.1
108.1
89.36
82.6
74.62
69.68
64.74
62.27
60.13
60.13
62.27
62.27
72.15
62.27
55.86
53.72
39.48
37.58
34.12
34.12
30.65
30.65
65.44
81.29
81.39
52.4
34.12
32.38
30.65
30.65
30.65
37.9
297
105.3
71.16
62.6
60.13
57.99
74.62
60.13
75.65
68.2
53.72
53.72
51.58
45.16
45.16
45.16
43.27
37.58
35.85
30.65
30.65
30.65
30.65
30.65
30.65
30.65
27.53
27.53
27.53
27.53
27.53
27.53
27.53
27.53
27.53
29.09
53.72
69.23
57.99
57.99
47.64
37.58
40.61
40.24
36.54
34.81
34.81
34.46
34.12
35.85
34.81
34.46
36.26
34.81
34.81
31.34
49.68
37.58
46.31
36.54
49.44
34.12
34.12
39.1
46.54
40.24
38.34
55.92
56.28
40.61
37.58
38.34
39.1
130.4
72.15
53.72
47.54
55.86
130.4
77.09
57.14
89.7
66.36
51.58
47.3
41.37
40.61
168.7
154.7
194.8
66.22
51.58
48.58
45.16
45.16
42.51
41.37
47.3
43.64
44.4
83.43
188.2
79.91
55
92.32
82.73
77.09
82.03
72.15
59.28
64.74
63.03
137.8
93.31
86.68
254.3
172.1
99.93
130.3
84.43
93.31
93.31
77.09
72.65
65.24
54.57
52.86
80.26
70.67
61.62
53.72
55.86
72.15
243.7
138.5
327.6
152.7
151.2
102.1
79.56
68.2
64.74
69.68
62.27
62.27
64.74
59.28
74.62
102.1
82.03
76.1
98.94
123.6
87.67
168.5
100.8
243.3
147.7
426.4
243.7
155.1
123.6
128.1
130
105.8
99.51
88.8
74.62
83.37
74.62
77.09
90.49
82.03
299.8
152
108.4
169.7
140.6
101.8
93.87
84.85
96.12
174.1
191.7
247.3
141.7
116.6
110.9
130.7
177.3
163.4
96.12
86.54
82.03
82.03
84.85
90.49
84.85
112.4
95
113.5
156.7
126.8
230.7
151.6
107.8
117.3
237
174
139
268.7
202.8
154.7
195.1
179.8
110.9
124
104.6
98.94
103.2
106.2
89.92
84.85
107.7
110.9
134.2
104.6
112.8
112.8
165.4
146.2
120.4
101.8
98.94
117.3
98.94
87.67
107.8
140.6
123.6
104.9
114.1
101.8
111.3
125.5
130.1
113.5
109.7
118.5
123.6
116.6
133.9
114.7
98.94
152.7
260.7
151.2
130.3
130
297.5
240.8
183.5
140.6
202.8
153.3
147.7
265.1
190.2
249.4
254.1
158.3
156.9
339.8
271.3
226.3
271.7
244.6
352.6
299.5
325.1
304.7
380.7
322.3
287.5
294.7
215.8
370.1
267
214.3
456.5
326.5
224.5
297.2
252
198.4
174
154.7
166.1
137
257.4
181.9
140.6
231.5
154.7
208
248.4
242.8
330.2
240.2
213.6
201
180.8
270.1
284.7
346.1
300.9
276
276.9
297
181.9
166.1
144.1
376
366.3
456.1
549.6
352.6
321.9
364.1
432.8
525.6
401.4
464
462.6
310.4
248.4
211.5
194.1
189.7
393.2
229.7
190.2
158.7
166.1
464.7
451.4
354.9
393.2
412.7
352.6
258.5
189.7
188.2
261.6
189.7
215.8
181.9
151.2
184.3
276
245.4
492
306.6
289.5
454.5
454.5
366.3
248.4
207.1
198.4
183.5
137
140.6
137
120.4
117.3
104.6
72.15
45.16
58.66
77.09
88.58
105.3
171.3
170.5
101.8
101.8
92.74
91.61
88.23
80.06
80.06
111.6
114.1
79.13
93.31
82.03
80.06
75.61
72.15
70.18
70.18
69.68
69.19
68.69
67.21
65.24
63.26
62.27
61.42
60.56
59.71
58.42
56.71
55.43
64.74
92.24
77.09
62.27
110.3
114.1
104.9
77.09
91.54
114.1
190
112.4
81.04
74.62
64.74
62.27
83.43
79.56
72.15
62.27
64.74
113.1
208.8
408.7
283.8
170.1
170.5
177.9
137
140.9
217.5
283.8
215.8
98.94
87.67
82.03
93.31
87.67
77.09
77.09
72.15
77.09
187.4
117.3
141.5
159.1
130.7
91.84
43.27
174.9
91.84
39.48
77.09
85.2
87.67
117.3
136.5
329.6
180
123.6
180.5
301.7
229.7
174
344.4
278.5
230.6
310.7
268
211.5
320.3
301.8
370.3
490
350.4
385.8
310.4
268.5
208
268.5
194.9
166.1
154.7
229.3
174
203.5
224.5
229.4
158.3
151.2
166.1
166.9
166.1
184.3
194.1
379.1
264.6
296.8
517.4
530.5
323.9
243.7
239.3
387.5
377.7
300
316.1
366.3
364.1
327.6
327.6
245.1
201
278.8
364.1
333.3
333.3
352.6
220.2
283.9
285.6
234.1
195.3
154.7
151.2
144.1
133.5
105.3
82.03
117.3
117.3
107.8
104.6
126.8
104.6
120.8
154.7
155.1
123.6
114.1
104.6
98.94
110.9
180.5
120.4
114.1
104.6
137.8
98.94
69.68
49.44
41.37
120.4
77.01
43.27
112.8
151.5
207.1
231.5
174
235.8
151.2
118.7
77.09
79.56
84.85
108.5
84.85
91.05
99.3
91.05
97.11
118
96.12
87.67
100.6
124
147
97.82
84.85
79.56
74.62
72.15
83.86
77.09
72.15
72.15
90.49
106
72.15
79.91
79.91
135.9
117.3
96.12
149.6
133.5
170.9
166.1
137
117.3
112.8
103.2
93.31
87.67
84.85
96.12
84.85
79.56
77.09
72.15
77.09
90.49
120.4
98.94
82.03
82.03
82.03
101.8
87.67
79.56
98.94
235.8
162.2
147.7
147.7
124
90.49
82.03
104.6
114.1
104.9
84.85
77.09
77.09
82.03
82.03
84.85
98.94
93.31
186.1
128.9
105.3
137
356.8
221
339
479.2


427.2
297.5
234.1
289
216.7
144.1
120.4
107.8
96.12
153.5
104.6
93.31
158.9
123.6
270.1
147.7
107.8
110.9
136.1
93.31
84.91
107.8
137
137
151.2
198.1
114.1
231.5
147.7
200.5
135.8
110.9
283.4
339

243.7
337.6
264.6
229.7
166.1
130.7
110.9
113.5
117.3
257.7
151.6
251.5
166.1
203.2
185.8
274.2
232.8
339
433.3
250.4
190.6
226.3
364.1
262.8
224.5
315
319.5
376
240.2
263.7
210.5
117.3
82.03
110.9
104.9
84.85
93.31
96.12
93.31
90.49
77.09
72.15
82.03
72.15
69.68
163
116.6
107.8
96.12
87.67
82.03
77.09
77.09
82.03
79.56
80.69
72.15
72.15
69.68
142.1
72.15
85.2
82.03
70.01
55.86
57.99
87.63
79.91
53.72
70.69
74.62
67.21
180.7
77.09
53.72
51.58
57.99
57.99
87.67
57.99
57.99
55.86
56.71
76.51
80.61
90.49
67.54
60.13
55.86
53.72
53.72
53.72
62.93
62.27
57.99
67.87
41.37
45.16
43.27
41.37
41.37

37.58
37.58
37.58
37.58
68.26
63.6
37.58
37.58
37.58
37.58
37.58
37.58
37.58
47.54
41.37
39.48
37.58
37.58
37.58
41.37
37.58
83.78
63.6
47.3
73.51
69.68
69.68
64.74
69.68
109.2
77.09
55.86
71.08
67.87
70.01
53.72
72.15
57.99
193.4
243.7
164.2
137.6
270.1
212.1
207.1
147.7
114.1
97.18
198.7
245.4
140.6
151.2
137
155.9
151.2
163
186.8
155.1
130.7
314.8
155.9
130.7
130
130
137.8
399.1
219.2
120.4
114.1
120.4
114.1
130.7
120.4
144.1
127.5
90.49
77.09
74.62
92.18
69.68
77.09
77.09
67.21
60.46
77.79
55.86
62.27
62.27
62.27
55.86
62.93
57.99
51.58
41.37
214.5
93.31
62.27
62.93
67.21
62.27
62.27
53.72
67.21
263.7
242.3
133.9
107.8
93.31
84.85
137.8
110.9
103.8
98.94
96.12
82.38
138.7
67.21
70.67
62.27
69.68
67.21
72.15
90.49
77.09
72.15
125.5
198.4
263.7
102.1
77.09
57.99
57.99
60.13
77.09
72.15
344.4
137.6
82.03
76.1
57.99
62.27
84.85
69.68
62.27
57.99
53.72
53.72
53.72
37.58
57.99
57.99
55.86
55.86
57.99
62.27
60.13
55.86
60.13
82.03
84.56
64.74
64.74
71.66
66.22
72.72
85.2
144.1
113.6
60.13
57.99
73.51
47.3
53.72
49.44
61.13
66.22
64.74
65.24
104.6
69.68
70.18
68.2
57.99
57.99
57.99
55.86
53.72
57.99
75.65
73.63
69.68
71.16
70.18
62.34
65.07
64.09
57.99
57.99
57.14
60.46
67.21
67.21
67.21
68.69
57.99
73.51
62.93
67.87
81.6
93.31
77.79
62.77
76.45
58.42
60.13
62.93
67.71
70.01
157.9
159
168.5
102.7
78.57
69.19
84.06
96.12
236.1
134.2
92.18
77.09
101.8
127.5
183.6
228
144.8
140.6
133.5
130.7
287.5
175.1
104.6
106.5
100.6
102.5
182.7
114.1
101.2
91.61
87.67
80.13
77.09
77.09
73.14
70.67
67.21
67.21
74.62
75.12
71.66
109.3
217.3
104.6
191.1
169.5
115.4
92.74
99.3
329.2
166.2
100.7
80.55
75.61
70.18
66.22
68.69
183.4
134.5
164.5
144.1
120.4
106.4
96.69
79.56
72.15
55.86
60.13
53.72
60.13
112.1
137.8
99.65
68.69
57.99
73.63
65.24
61.91
57.99
57.99
62.93
73.63
66.22
61.42
59.28
53.72
53.72
53.72
53.29
52.43
50.29
49.44
49.01
48.58
48.15
47.3
46.02
45.59
44.78
44.02
43.27
42.13
42.13
41.75
41.37
41.37
41.37
79.56
61.7
41.37
39.48
43.51
103.5
85.55
47.3
45.16
45.16
45.16

45.16
58.66
74.13
53.72
61.13
95.38
98.38
215.2
193.4
140.6
104.6
82.38
76.1
77.09
74.62
68.2
72.83
180
100.8
80.26
67.71
61.42
61.42
60.56
64.74
62.18
56.71
53.72
93.31
77.79
81.44
97.18
66.19
79.91
72.65
67.21
62.77
80.26
78.22
55
57.04
73.84
101
116.6
111.6
180.9
156.7
117.3
104.6
297
117.3
120.1
159.1
118
82.03
92.24
137.4
98.03
65.07
53.72
158.3
103.2
57.99
49.44
60.8
153.3
113.1
79.56
149.1
85.41
58.33
52.86
49.44
72.65
57.14
96.78
132
204.2
111.6
199
120.8
162.6
114.7
87.1
65.93
134.8
159.1
174.8
117.9
224.4
215.8
180.8
112.2
297.9
212.8
235.9
130.3
122.4
121.1
104.9
82.03
74.62
76.1
71.72
243.7
207.9
119.2
97.89
118
161.7
160.7
114.1
95.56
87.11
102.1
85.76
67.21
93.31
97.18
117.3
99.79
77.59
104.9
93.31
111.6
104.6
100.6
85.2
62.6
57.99
62.6
80.26
102.1
57.99
83.08
67.21
70.18
60.13
57.99
57.99
57.99
58.42
53.72
58.33
60.13
72.15
56.71
83.61
78.78
60.46
49.44
49.44
49.44
45.16
130
88.37
62.27
57.99
53.72
53.72
101.6
70.18
57.99
34.12
51.58
49.44
56.28
75.65
46.44
46.44
41.37
37.58
43.51
43.27
37.58
53.39
59.71
52.43
48.4
37.33
38.25
64.32
73.38
57.17
42.51
44.61
50.72
66.22
55.86
91.84
102.1
99.58
182.6
117.3
100.2
80.06
72.15
77.09
137.8
102.3
179.5
102
67.71
64.74

86.68
71.16
68.83
67.21
97.6
105.4
82.03
79.56
85.05
74.62
316.2
87.67
109.3
120.4
120.4
109
102.3
95
97.46
180
144.8
98.94
82.31
58.98
45.16
130.9
86.68
82.73
77.09
75.12
63.95
53.72
60.46
61.95
86.6
96.69
123.6
84.21
61.42
61.12
104.7
81.61
81.04
78.08
73.63
62.27
67.21
74.62
87.67
182.7
110.9
88.8
223.1
141.6
96.12
87.67
82.03
80.55
81.39
75.12
73.63
71.16
66.72
70.67
107.2
87.11
93.31
95.56
112.8
116.3
77.09
80.13
116.6
139.2
159.5
159.6
124.3
102.4
92.18
83.72
77.09
78.02
86.12
70.18
43.27
49.58
105.3
117.3
193.9
93.31
90.49
101.8
126.8
121.7
177.9
240.2
127.4
123.9
142.7
119.8
122.4
111.6
93.31
88.23
79.56
79.56
101.8
93.31
88.23
81.04
76.1
72.15
71.16
67.21
67.21
92.24
79.27
81.68
71.16
67.21
66.22
60.13
45.65
37.58
49.93
57.99
57.14
53.72
54.57
50.72
49.44
49.44
49.44
48.58
65.74
77.09
74.62
67.21
62.27
57.99
54.57
53.72
53.72
51.58
49.44
51.58
55.86
53.72
51.58
49.44
49.44
58.33
62.27
58.85
57.99
53.72
53.72
57.14
57.99
60.13
67.21
55.86
55.86
62.27
59.28
56.71
53.72
53.72
55.86
52.86
55
53.72
51.58
56.71
51.58
49.44
48.58
46.02
45.16
45.16
51.58
54.57
49.44
51.58
74.81
82.73
88.23
126.9
93.31
82.03
78.57
73.14
68.69
55.86
91.61
98.94
124.9
195.9
88.23
96.83
146
111.6
99.51
92.18
86.54
80.06
75.12
70.18
62.27
61.42

53.72
63.92
80.06
72.15
72.15
69.68
61.55
57.99
56.71
53.72
55.43
54.57
54.57
62.27
62.11
54.57
55.43
49.44
50.29
53.72
53.72
49.44
52.43
72.15
82.73
96.12
73.14
66.22
66.22
69.68
62.27
287.5
111.6
83.72
79.07
79.07
74.13
87.17
100.2
97.25
92.74
94.43
92.18
92.18
111.6
140.9
164.5
144.1
254.3
153.4
109.3
104.6
93.87
79.56
90.84
116.6
119.8
219.2
116.6
300
134.2
107.3
204.7
87.67
90.49
87.11
105.5
93.31

48
49.54
79.13
50.56
117.6
68.51
50.56
53.11
50.56
48
40.02
37.69
37.69
37.69
74.31
50.56
38.08
32.56
36.92
36.14
44.13
39.63
49.54
44.67
40.8
37.31
34.98
33.82
33.04
29.94
36.92
33.82
36.53
33.82
35.76
33.82
33.82
33.82
33.82
33.82
33.82
33.04
49.54
41.57
33.04
33.82
39.63
33.43
31.49
29.94
29.94
29.94
29.46
28.99
29.22
27.56
27.56
26.61
26.61
27.08
25.18
26.37
33.04
33.04
31.1
37.31
27.56
27.56
36.53
31.16
27.56
26.13
33.04
29.94
28.51
27.32
27.32
50.56
31.88
40.8
35.37
33.43
30.71
29.94
50.56
48.62
57.2
29.94
35.76
46.82
30.63
27.08
26.13
25.42
25.66
41.68
38.86
39.26
40.41
27.08
27.32
28.04
25.66
52.92
45.45
41.96
42.74
44.51
37.69
96.2
58.22
46.06
49.78
43.9
107.6
73.94
51.58
118.5
58.73
43.12
36.14
31.1
28.04
26.13
26.13
35.75
55.66
53.11
72.08
320.9
206
157.4
81.38
73.32
91.86
106
72.08
63.94
61.79
125.6
85.66
214.6
163.1
86.35
84.48
151
91.86
69.53
191.1
95.54
72.08
65.88
84.48
172.9
99.23
65.88
55.66
61.39
108.4
78.28
116.5
72.08
284.2
279.9
267.8
516.7
321.6
279.3
146.1
137.4
98.06
151.1
109.1
186.3
315.1
142.4
81.11
62.3
55.66
336.9
137.3
84.48
62.01
50.56
50.56
50.56
50.56
122.6
95.58
53.11
45.45
50.56
64.42
70.84
63.32
57.2
93.72
69.53
63.32
58.73
44.67
40.41
37.69
36.14
60.77
33.82
33.82
33.82
33.43
28.99
28.04
23.99
23.66
27.56
27.56
25.66
23.99
22.8
22.33
22.33
21.85
21.61
20.9
20.42
20.42
20.09
17.9
17.06
17.06
17.06
20.42
20.42
29.94
20.42
20.42
32.1
40.8
36.53
33.82
30.69
26.85
96.55
50.05
40.02
37.69
34.98
26.85
25.18
25.18
25.18
32.51
117.8
58.22
77.66
290.4
140
81.97
51.07
41.57
39.25
38.47
38.47
41.96
31.1
41.57
57.99
33.82
29.82
26.61
25.18
29.94
28.51
25.18
25.66
25.18
25.18
24.71
22.8
22.8
24.47
26.37
25.18
24.71
22.8
22.33
21.38
21.38
21.38
21.38
22.09
31.1
60.26
223.2
212.5
140.3
77.04
57.71
44.02
37.69
37.69
36.14
37.69
38.86
42.35
37.69
46.98
55.66
47.45
44.29
41.57
46.47
49.54
38.86
35.76
34.59
38.47
38.47
42.35
42.74
62.85
60.99
45.7
68.98
126.4
72.56
98.65
72.7
58.73
55.66
57.71
48
45.45
46.47
60.59
157.4
78.28
55.66
59.75
77.66
47.49
45.57
58.22
53.62
46.98
43.51
34.98
35.76
35.76
32.26
31.49
31.1
42.08
99.11
59.75
45.45
47.23
40.8
40.41
97.99
80.14
59.75
92.75
377
214.9
87.59
78.28
68.29
54.13
45.45
46.59
58.73
49.54
45.45
44.41
43.12
43.51
42.35
40.8
37.69
36.53
33.82
31.1
27.56
27.08
26.13
26.61
25.66
28.04







23.04
20.66
20.42
20.42
20.42
20.09
24.23
28.75
23.99
19.42
17.57
70.78
59.75
48.62
39.63
45.7
45.57
46.84
34.59
33.82
40.41
36.14
29.94
29.94
25.18
30.33
45.45
36.14
30.71
25.18
25.18
25.66
25.18
22.33
22.33
23.99
27.56
22.8
32.6
31.49
26.37
22.8
22.33
20.42
20.42
20.42
20.9
20.42
19.75
18.41
18.74
20.42
25.18
27.56
27.56
27.56
65.94
53.62
42.35
37.69
35.76
31.49
28.27
25.18
25.18
27.8
27.32
41.57
28.99
25.18
25.18
24.71
20.42
20.42
20.09
20.42
20.42
19.42
99.92
63.87
203.3
151.8
55.75
48.05
34
38
38
34
25.3
20.4
19

19
19
18.3
16.2
16.9
16.9
15.5
30
34
37.2
51.32
23.55
21.45
94.55
61.8
52.45
48.05
50.25
49.7
42.15
49
51.9
44.9
34
32
43.8
49.7
46
34.4
79.09
94.38
190.2
442.1
174.7
135.2
224.5
123
89.57
80.68
69.34
48.05
48.6
39.2
34
34
38.4
95.11
84.68
70.67
60.7
54.65
49.15
36.8
32.8
38
33.2
30
30
32
53.55
33.6
30
56.3
54.1
43.8
37.2
32.8
30
26
26
23.9
22.5
22.85
21.1
21.1
32
27.6
26
26.1
24.95
22.5
21.1
19
17.95
15.5
15.5
15.5
15.5
15.15
13.75
12
11
10.4
16.425
16.2875
16.9
28.3578125
87.0359375
34.80625
22.3625
15.63125
14.40625
12.55
11.71875
16.6375
29.69375
30.90625
25.44375
22.85
15.85
14.66875
12.13125
12
12
12
14.8
15.4125
17.20625
18.9125
13.26875
12
12
12
12
12.7
12.7
12
12.875
22.45625
17.03125
14.93125
14.31875
12.0875
12
12
12
12
12.0875
12.6125
12
12
12
12
12.4375
15.98125
12.13125
13.35625
17.29375
14.1
12
12.2625
13.8375
12
12.875
18.125
12
12
12
16.8
36.55625
56.29375
24.2
14.1
15.5
16.725
12.175
12
12
12
12
12.875
27.875
37.75625
22.40625
12.4375
11.6875
16.375
18.3875
11.1
12.125
28.625
19
19
38.3125
42.2875
34.15
41.35
34.9625
21.19375
22.28125
18.86875
23.41875
17.5125
12.2625
52.809375
243.7965625
67.9803125
35.88125
22.81875
26.53125
37.0625
33.80625
34.6875
46.09375
34.4
34
36.9375
46.0625
35.55
40.55625
120.56125
74.035
57.675
167.5565625
160.09
109.034375
143.0903125
130.0615625
175.7365625
136.158125
89.76875
121.553125
133.0859375
98.2484375
65.98125
47.5
40
36.7
34.1
32
31.05
33.9
34
30.25
29.75
26.25
26
26
31.1875
44.7625
34.35
34
34.98125
54.709375
66.884375
58.36875
87.0828125
76.0940625
47.486875
55.0190625
153.786875
150.9078125
69.251875
61.636875
53.275
52.0375
47
37.09375
43.20625
38.15
35.4
30.2
27.78125
31.359375
118.4078125
53.8703125
39.6125
47.35
53.34375
58.775
47.3875
36.3
33.75
29.25
26.65
38.175
74.578125
57.071875
34.5
33.9
32.5
31.2
29.85
26.25
22.4125
19.0875
19.6875
28.0125
26.1
26
27.55
38.68125
51.625
38.89375
26.65
26
28
32.5
37.25
27.7375
30.6125
43.29375
45.15625
33.75
33.7
30
25.2875
22.85
27.7625
26.20625
22.89375
22.0625
21.45
22.2375
24.29375
24.11875
26.3875
31.6
32.40625
24.89375
23.05625
29.19375
27.4
32.55
33.85
33.4
35.55
37.1
37.35
40.65
42.1375
44.26875
47.43125
47.6375
42.225
41.26666667

52.00416667
71.628125
57.95
44.90625
41.50625
46.9640625
103.5796875
100.6378125
74.1171875
54.3925
89.7775
60.985
47.6125
37.175
27.70625
26.64375
45.715625
205.6059375
192.03875
57.3446875
32.75
31.7
48.28125
58.98125
50.55
38.7375
37.6
36
40.16875
47.15625
53.20625
54.65
53.55
136.8859375
218.5925
212.88
163.518125
112.725
115.675
118.6665625
257.533125
134.645
81.59375
42.04375
47.16875
53.63125
48.23125
49.03125
36.18125
46.5125
49.2515625
64.6984375
59.1375
63.5875
60.7975
72.9578125
167.495
207.8046875
132.9053125
168.23125

9.375
21.5125
27.340625
55.821875
40.2125
12.90625
10.90625
32.76875
35.29375
40.36875
15.2375
41.75
37.325
266.0421875
248.6178125
212.5090625
280.7284375
197.1371875
101.860625
128.5884375
86.61
73.473125
121.4071875
172.1046875
36.76875
11.775
31.35
34
50.18125
56.1625
132.125
123.746875
118.99375
267.075
157.0078125
116.4125
69.9203125
76.4125
134.4078125
70.0921875
19.35
14.16875
9.98125
7.15625
7.90625
7.81875
4.44375
2.3
2.875
5
32.625
41.6375
43.425
31.3375
26.05625
25.3
24.65833333





































































45.575
54.7875
82.35625





















206.8791667
94.990625
37.825
43.99375
44.1125
38.6375
34.66875
41.4875
128.7275
122.8784375
54.2890625
102.815625
105.71875
84.103125
65.8046875
99.7415625
71.37375
86.1209375
222.7128125
143.3653125
333.6265625
319.928125
243.306875
204.8665625
206.3546875
180.92875
177.1125
103.9671875
96.684375
104.059375
120.0590625
170.2540625
292.6428125
285.3846875
247.1553125
356.7928125
344.1709375
313.3925
346.35375
362.9
337.1134375
350.533125
351.3065625
375.92125
352.1478125
226.6578125
255.0446875
209.4215625
95.01375
50.29375
38.99375
30.75
31
25.5125
8.46875
9.59375
32.825
79.5546875
124.2246875
128.1171875
119.27375
117.334375
116.965625
113.5546875
104.1515625
102.2684375
102.545
110.88125
119.101875
120.7646875
118.809375
121.0890625
122.695
120.87625
119.470625
236.7640625
356.8171875
245.945625
219.01
229.66
217.735625
140.409375
49.01875
73.4375
53.075
54.716875
101.7040625




40.073125
39.9
49.01875
114.709375
106.0875
101.7546875
101.6625
109.775
110.7890625
117.703125
109.8671875
110.5125
120.1159375
121.83
123.56
125.07375
121.938125
120.5325
128.3175
130.588125
132.101875
131.345
125.1978125
118.625
117.15
114.9375
113.5546875
115.5828125
117.2421875
118.7171875
120.0078125
120.1
119.3625
117.9796875
118.440625
117.2421875
116.3203125
114.384375
95.2890625
62.2875
61.8
89.0859375
119.3784375
120.7646875
118.7171875
118.5328125
117.2421875
117.9796875
120.2240625
121.61375
121.721875
120.9809375
118.625
118.8253125
120.7646875
119.3625
120.2115625
120.208125
121.073125
121.721875
119.2703125
117.8875
117.15
116.596875
117.703125
116.4125
115.859375
117.7953125
119.3625
120.0078125
125.5390625
280.4575
334.72875
291.2771875
282.144375
278.900625
272.5753125
269.3315625
277.603125
259.6003125
250.9196875
230.5428125
215.8790625
211.7375
229.3134375
246.9496875
191.6071875


156.229375


145.6175
157.6965625
320.486875
314.2125
311.7846875
354.40375
404.1278125
355.20875
328.8875
295.83625
280.1634375
303.2478125
224.69125
224.019375
229.348125
72.9809375
51.83125
47.64375
39.79375
40.9375
42.8625

57.58333333
60.90625
50.73125
55.54375
55.81875
81.24375
323.2
205.796875
219.071875
276.0128125
263.6865625
226.1615625
219.16375
215.1965625
304.7778125
327.9771875
297.160625
285.7975
261.9025
230.1603125
224.590625
210.309375
203.74
201.455
199.17
207.3103125
221.163125
240.576875
288.674375
268.818125
241.7596875
278.11875
312.378125
308.709375
280.67125
266.89875
256.6809375
270.525
325.0353125
336.7753125
350.7165625
333.29
316.046875
316.780625
304.4903125
286.67125
128.0896875
110.5125
232.9803125
353.266875
353.4359375
353.605
350.885625
335.0346875
179.563125
117.740625
58.64375
75.29375
53.7625
47.84375
45.85
46.2625
52.38125
64.35625
104.7
85.578125
116.95625
130.23875
192.9878125
102.7465625
160.08625
88.62125
66.3109375
111.4459375
154.73
73.021875
69.9625
53.06875
70.10375
73.47625
77.3
89.186875
91.8075
93.365625
98.34375
111.065625
105.165625
120.5075
120.9809375
111.358125
102.584375
105.2759375
87.24625
82.616875
113.9309375
97.0496875
68.239375
64.27125
55.75
52.725
54.58125
58.9125
54.7875
54.375
40.70625
49.9625
57.675
59.325
53.03125
36.25625
33.45
40.2
41.5875
51.075
48.325
45.09375
45.6625
41.85625
43.16875
45.36875
48.325
55.81875
57.5375
57.19375
53.55
51.41875
48.94375
45.09375
46.4875
41.09375
38.35
35.9375
45.74375
49.35625
60.415
61.23875
62.450625
57.551875
52.45
70.745
76.87875
63.081875
88.38125
120.526875
116.6128125
99.7265625
105.4421875
101.9390625
94.7
89.1203125
106.575625
111.803125
95.1171875
109.6225
127.901875
215.758125
233.0675
255.90875
235.3790625
227.8753125
233.8734375
227.9140625
243.413125
245.6521875
243.7646875
297.184375
264.5125
125.7765625
109.959375
125.13875
289.7878125
328.7040625
289.5478125
133.860625
121.18125
124.6571875
112.896875
121.3565625
113.125625
104.9525
118.8378125
109.623125
81.4834375
65.21625
58.0475
51.96875
51.4828125
108.028125
120.8921875
122.803125
122.586875
143.9815625
122.6546875
131.26875
120.1034375
128.3628125
276.4725
329.8615625
261.7325
259.859375
241.171875
229.9715625
288.7859375
349.785
334.7575
323.03875
289.408125
286.036875
265.1146875
240.1428125
232.1596875
223.3053125
216.3075
210.595
127.6215625
63.445
87.4234375
277.7078125
348.1340625
343.5625
337.6925
331.8225
302.905
127.81125
114.2
111.9875
108.853125
103.321875
100.1875
97.2375
94.2875
90.8478125
88.605
86.44375
83.285
82.45375
70.81625
66.416875
64.625625
68.15625
61.340625
50.9375
52.934375
68.7875
58.640625
55.75
53.55
51.35
49.15
46.95
44.81875
43.58125
42.20625
42.9125
40.8
39.2
39
41.4
39.6
37.6
39.2375
51.59375
50.8
49.425
51.384375
51.246875
49.21875
46.95
44.75
42.56875
40.8
39.2
37.6
36
36.35
42.86875
53
55.75
57.95
59.05
59.01
66.74625
67.241875
64.060625
54.85625
64.129375
66.9925
64.14375
58.308125
54.44375
50.25
48.05
45.85
43.65
41.7875
41.58125
39.2
37.6
37.3
39.3
42.46875
44.475
42.6375
40.86875
39.2
38.35
37.25
36
34.4
32.8
37.5375
52.24375
79.846875
45.496875
40.06875
52.31875
63.825625
68.38
119.355
171.1190625
212.898125
192.75
187.9915625
195.783125
223.73375
245.243125
318.96875
353.0834375
346.3140625
337.8759375
318.7728125
130.2909375
103.875
100.1875
97.2375
94.2875
91.3465625
88.2725
82.45375
84.615
87.275
76.635
65.6209375
65.4259375
117.085625
127.80625
211.2228125
214.0225
210.595
207.1675
251.7815625
347.0478125
281.1771875
223.5909375
243.1928125
264.7903125
262.3575
264.404375
344.7559375
340.8109375
298.6203125
305.2240625
313.9859375
357.1375
357.6625
353.7740625
349.2346875
325.0353125
323.075625
184.99875
115.121875
103.690625
100.1875
104.2898437
121.0304687
123.77625
171.9840625
213.8796875
209.3096875
205.168125
202.5975
198.0275
193.620625
188.615
175.6503125
62.436875
66.623125
69.985
72.645
75.305
77.965
80.625
83.6175
108.4684375
182.23125
208.4528125
240.3315625
247.760625
267.223125
265.925625
292.821875
279.7534375
121.9140625
89.4196875
53.998125
41.46875
40
38.8
37.6
36
34.15
28.35
28
28.6























































































48.875
49.15
99.221875
67.265625
55.26875
49.0125
48.66875
45.78125
54.5125
51.35
52.286875
61.758125
55.4925
68.105
62.656875

126.3283333
37.744375
38.038125
41.1015625
34.89375
33.91390625
45.67265625
48.0696875
47.8103125
77.46640625
57.38484375
51.683125
47.4825
45.859375
45.321875
66.9375
53.3753125
79.8290625
230.905125
120.4668125
49.5615625
60.805625
57.6659375
46.15
45.9046875
57.4496875
192.789

204.065

196.7990417
145.6340937
180.4399375
155.2477813
128.894375
106.9597188
72.01290625
66.92378125
56.0775
53.51875
49.013125
51.73875
46.7040625
41.328125
44.0140625
57.579375
56.578125
113.8849375
114.2415938
81.8155
68.34796875
104.5689688
71.58053125
56.745
58.3025
56.466875
53.51875
63.16153125
132.0488125
80.77878125
148.0446875
256.1230625
168.6815938
99.70034375
155.8154062
193.7345
173.4239687
198.39175
109.664375
148.4070313
80.81571875
58.9831875
103.054875
80.7256875
190.546375
207.6100313
128.6134687
102.6159688
75.46534375
75.129875
76.47175
80.6315625
71.57390625
65.43740625
63.586875
62.585625
59.025625
62.27653125
63.93209375
61.4175
65.52340625
68.0179375
70.835875
67.41409375
68.688875
65.2785625
63.920625
62.919375
61.250625
60.694375
60.63875
58.135625
55.020625
53.351875
53.74125
49.346875
49.5928125
76.9144375
59.117375
51.96125
49.013125
51.51625
49.569375
51.51625
51.69703125
83.23321875
64.340375
51.66875
43.4434375
41.6
46.7909375
47.3259375
45.04375
47.0396875
53.29625
47.67
44.5
47.345
53.463125
48.9825
44.68125
47.635
47.4165625
52.3053125
49.7465625
46.7203125
47.204375
50.18125
47.92125
45.5875
43.4125
61.47478125
63.88334375
64.742375
68.31440625
53.34384375
124.2275938
83.2161875
60.98396875
60.19375
47.6040625
45.1796875
42.86875
50.503125
51.48125
45.3465625
41.4640625
49.69375
49.979375
44.918125
42.14375
44.31875
46.591875
78.31934375
60.87615625
51.905625
47.92125
45.315625
49.065
45.941875
41.8265625
42.2796875
41.78125
39.4703125
38.3828125
37.79375
41.9171875
44.0921875
74.24921875
110.2708125
84.7786875
84.61409375
61.9118125
47.2971875
46.2075
48.8009375
75.9463125
75.549375
57.0265625
68.6609375
136.6909375
74.8491875
63.7669375
58.7475
51.905625
47.5771875
49.0296875
50.014375
56.41125
61.16403125
64.66209375
78.1835
62.02378125
103.0417813
93.8776875
100.3727187
91.98725
108.1547188
173.72575
216.0803125
152.0985937
135.6029063
105.8055625
99.0986875
89.42034375
70.49065625
79.5378125
80.55215625
65.92828125
79.5378125
76.4496875
59.97125
55.020625
53.018125
53.74125
60.05153125
77.7711875
68.66765625
60.75
55.465625
52.85125
55.723125
185.3463125
146.0856563
190.1800312
226.5009375

256.8528333
180.8870625
94.12825
75.06278125
70.7016875
82.2418125
146.4341562
173.5456563
101.0853125
84.5839375
73.9221875
66.19665625
60.026875
63.184875
144.9645
89.33315625
70.9700625
75.73371875
72.8945625
59.238375
52.9625
62.7920625
90.6590625
88.254625
65.6255
63.42
60.305
56.689375
94.15478125
144.6309688
83.015625
59.470625
65.10078125
56.69109375
55.354375
53.463125
48.0675
47.3546875
47.3815625
48.006875
73.02125
65.92884375
53.65465625
48.0840625
57.9790625
71.4825
253.9986875
106.2122188
73.1170625
65.80728125
60.86125
57.52375
51.51625
46.6875
42.053125
40.240625
39.7421875
38.7
37.5671875
35.890625
35.8
35.4375
35.0296875
34.35
33.6703125
33.353125
37.521875
157.8819375
107.8051875
61.843
71.29578125
68.364875
66.7285625
92.20434375
80.16190625
66.27234375
73.73409375
62.25359375
55.131875
51.349375
47.92125
45.5875
43.4578125
41.1921875
38.3375
37.2953125
37.2953125
36.8875
36.525
36.525
36.4796875
35.1203125
34.35
40.1046875
40.4671875
38.7453125
37.6125
35.8
52.3744375
79.7224375
78.27328125
58.78190625
51.74046875
63.09828125
49.569375
52.6246875
43.3075
40.6609375
45.85625
34.0959375
32.67109375
34.09515625
35.075
59.54890625
75.59953125
70.613375
58.6476875
71.328625
93.43240625
76.06090625
154.5349375
94.7745625
49.2528125
37.7484375
34.7578125
35.1203125
43.684375
44.1375
41.6453125
40.9203125
40.5125
42.72875
47.8246875
41.41875
39.1078125
38.2921875
39.1078125
70.1553125
62.9959375
51.1825
113.3470313
66.57984375
44.046875
39.5609375
38.7
37.6578125
37.159375
79.3196875
68.462875
41.2540625
42.5515625
47.8640625
58.691875
55.6325
49.66625
139.1539375
85.1094375
62.83278125
59.92709375
56.133125
51.96125
46.75125
44.68125
45.40625
47.18
53.8525
61.1993125
87.5633125
62.396375
47.9378125
48.8896875
52.204375
56.29584375
51.82878125
47.1590625
45.5875
44.6359375
59.71128125
60.46384375
167.415
89.57653125
72.71334375
63.538125
53.463125
50.014375
47.1034375
45.134375
41.1921875
37.3859375
37.1140625
42.053125
38.7453125
38.246875
47.8946875
49.3325
46.3653125
90.04671875
54.77390625
70.19303125
60.67315625
129.0478125
89.5946875
59.97125
57.74625
57.635
55.855
66.0378125
171.0025
82.9976875
67.818375
59.136875
55.855
62.52025
71.43971875
82.0214375
74.10140625
64.33809375
68.63496875
64.2905
59.804375
55.96625
54.075
51.794375
48.790625
46.6853125
64.71803125
64.28590625
52.74
50.515
50.84875
51.07125
51.69
73.035625
58.41375
54.019375
78.85578125
74.89421875
58.97
68.64125
71.909375
63.6138125
71.29921875
59.53771875
55.41
51.460625
47.5215625
49.1965625
47.9853125
44.69375
66.1398125
68.7331875
113.9623125
131.6215625
80.9764375
62.909625
60.94153125
61.81834375
65.4035625
172.0731875
110.6155313
71.09621875
54.52
49.680625
47.678125
53.574375
52.9625
50.07
46.6503125
44.7265625
48.00375
50.348125
48.735
47.391875
44.5453125
45.9378125
59.581875
54.40875
55.855
73.97953125
81.29634375
98.0253125
64.8539375
58.985
126.744375
138.2052188
76.29590625
59.248125
59.1021875
84.2275
63.0896875
58.19125
96.05340625
81.131125
70.5675
72.8486875
68.48759375
64.23315625
67.38140625
64.4115
60.360625
57.245625
57.913125
59.97125
63.9143125
62.6641875
62.41875
70.95571875
73.11090625
101.4261875
164.9544375
134.3335625
90.8896875
115.4693438
70.187875
68.91653125
66.217875
63.865
63.020875
68.3878125
81.7530625
81.22309375
87.3400625
75.33103125
179.8806875
110.1534687
245.0706563
113.6429063
186.8285625
93.80134375
73.9221875
66.8005
60.86125
66.906

91.69508333
76.3375625
71.70809375
75.7275625
119.1790313
101.1467813
88.70078125
79.49096875
69.82946875
79.24659375
76.93525
121.8177812
185.9363125
150.2377812
246.6060937

223.3616667

167.9070833
173.6059375
249.7491667

99.33841667
155.3907187
181.4067813
152.916125
182.7885

212.405375
167.9048438
167.5536875
168.1224687


309.6902083
313.9884688
272.8988438
245.9160313
183.550375
98.687
74.79440625
66.44209375
64.2196875
147.2158125
229.1869688
130.90575
123.9613438
99.75140625
92.2196875
195.3468438
137.1936875
91.34759375
84.425375
75.5324375
70.50040625
66.005125
64.699375
62.53
60.75
59.915625
59.804375
58.97
58.135625
57.635
78.2725
80.0525
60.249375
58.525
57.19
59.97125
59.359375
59.415
60.63875
61.97375
67.79609375
131.8638438
106.81875
78.887125
